@RELATION data1

@ATTRIBUTE one REAL
@ATTRIBUTE two REAL
@ATTRIBUTE three REAL  
@ATTRIBUTE four REAL
@ATTRIBUTE five REAL

@DATA
0.184000 0.482000 0.176000 0.660000 0.796000
0.152000 0.540000 0.146000 0.598000 0.768000
0.152000 0.596000 0.116000 0.524000 0.740000
0.178000 0.626000 0.156000 0.548000 0.686000
0.206000 0.598000 0.186000 0.554000 0.732000
0.230000 0.562000 0.196000 0.570000 0.720000
0.224000 0.524000 0.131000 0.596000 0.710000
0.204000 0.540000 0.455000 0.634000 0.692000
0.190000 0.572000 0.412000 0.718000 0.69000
0.216000 0.608000 0.574000 0.736000 0.662000
0.240000 0.626000 0.135000 0.778000 0.640000
0.256000 0.584000 0.741000 0.858000 0.476000
0.272000 0.546000 0.612000 0.858000 0.392000
0.234000 0.468000 0.845000 0.856000 0.304000
0.222000 0.490000 0.123000 0.846000 0.260000
0.214000 0.414000 0.456000 0.794000 0.288000
0.252000 0.336000 0.789000 0.710000 0.296000
0.298000 0.336000 0.741000 0.658000 0.284000
0.316000 0.376000 0.852000 0.642000 0.250000
0.318000 0.434000 0.963000 0.644000 0.212000
0.308000 0.480000 0.147000 0.648000 0.154000
0.272000 0.408000 0.258000 0.714000 0.156000
0.272000 0.462000 0.369000 0.832000 0.114000
0.280000 0.524000 0.159000 0.798000 0.150000
0.296000 0.544000 0.753000 0.570000 0.324000
0.340000 0.534000 0.951000 0.892000 0.316000
0.346000 0.422000 0.357000 0.906000 0.302000
0.354000 0.356000 0.487000 0.900000 0.278000
0.160000 0.282000 0.784000 0.882000 0.278000
0.160000 0.282000 0.263000 0.882000 0.278000
0.156000 0.398000 0.362000 0.638000 0.254000
0.138000 0.466000 0.111000 0.646000 0.242000
0.154000 0.442000 0.444000 0.864000 0.176000
0.180000 0.334000 0.322000 0.758000 0.148000
0.728000 0.172000 0.684000 0.152000 0.676000 
0.178000 0.652000 0.232000 0.590000 0.356000